# Normalized wine predictor data
1.518612540989154214e+00 -5.622497983286229850e-01 2.320525409947399309e-01 -1.169593175022902720e+00 1.913905217570811113e+00 8.089973946320399012e-01 1.034818958130737876e+00 -6.595631143050650902e-01 1.224883984060451292e+00 2.517168498188532277e-01 3.621772757786129171e-01 1.847919566506653455e+00 1.013008926747690941e+00
2.462896270150634337e-01 -4.994133781369048952e-01 -8.279963232662029826e-01 -2.490847141095219541e+00 1.814502061175951239e-02 5.686476623890727167e-01 7.336289414294712152e-01 -8.207192355765842162e-01 -5.447209874470079205e-01 -2.933213287130478908e-01 4.060506629356789299e-01 1.113449302525823637e+00 9.652415206686005833e-01
1.968790284141289648e-01 2.123124630875889915e-02 1.109334359693450400e+00 -2.687381981554133881e-01 8.835836123987253488e-02 8.089973946320399012e-01 1.215532968151497917e+00 -4.984069930335465193e-01 2.135967731767261846e+00 2.690196491373262888e-01 3.183038886215468488e-01 7.885874549958411528e-01 1.395148175380414246e+00
1.691549636092427145e+00 -3.468106433855897008e-01 4.879264047818634431e-01 -8.092511842759068097e-01 9.309184487772288463e-01 2.491445520332811636e+00 1.466524648735886505e+00 -9.818753568481032312e-01 1.032154729737857046e+00 1.186068013016398304e+00 -4.275436930485752574e-01 1.184071443293211345e+00 2.334573828269191687e+00
2.957002256160000675e-01 2.276937697958325013e-01 1.840402541942377068e+00 4.519457833385771006e-01 1.281985151917793830e+00 8.089973946320399012e-01 6.633512708658425572e-01 2.267955526882887984e-01 4.014044428639109152e-01 -3.192755276907572881e-01 3.621772757786129171e-01 4.496011793123815825e-01 -3.787400699229762080e-02
1.481554592038451190e+00 -5.173666410488243494e-01 3.051593592196326088e-01 -1.289707171938567765e+00 8.607051081491157163e-01 1.562093222326671249e+00 1.366127976502131025e+00 -1.760947504905084060e-01 6.642170623947215580e-01 7.318695309064806587e-01 4.060506629356789299e-01 3.366057540845615037e-01 2.239039016111011193e+00
1.716254935392896419e+00 -4.186236950332672957e-01 3.051593592196326088e-01 -1.469878167312065553e+00 -2.627083419006925880e-01 3.282979301461055321e-01 4.926769280684583086e-01 -4.984069930335465193e-01 6.817379036967755601e-01 8.301455646374107655e-02 2.744305014644808360e-01 1.367689009288418633e+00 1.729520017934046860e+00
1.308617496935178481e+00 -1.672780142663952418e-01 8.900139050187723111e-01 -5.690231904445762767e-01 1.492625173802132998e+00 4.885310849747506179e-01 4.826372608450825163e-01 -4.178289323977869563e-01 -5.972835113531701490e-01 -3.499440128624266115e-03 4.499240500927449427e-01 1.367689009288418633e+00 1.745442486627077017e+00
2.259771520003186485e+00 -6.250862185203411858e-01 -7.183360959288647152e-01 -1.650049162685563120e+00 -1.924950012725795412e-01 8.089973946320399012e-01 9.545016203437334257e-01 -5.789850536693060823e-01 6.817379036967755601e-01 6.138605731564984042e-02 5.376708244068770792e-01 3.366057540845615037e-01 9.493190519755705381e-01
1.061564503930499503e+00 -8.854085307431729390e-01 -3.528020048044014367e-01 -1.049479178107237454e+00 -1.222816606444665360e-01 1.097417073323601056e+00 1.125175963141117563e+00 -1.143031478119622024e+00 4.539669667700731437e-01 9.351774228985388904e-01 2.305571143074147955e-01 1.325315724827985875e+00 9.493190519755705381e-01
1.358028095536112811e+00 -1.583013828104353204e-01 -2.431417774670632248e-01 -4.489091935289115654e-01 3.692117237523246387e-01 1.049347126875007863e+00 1.295850305938501812e+00 -1.143031478119622024e+00 1.382571555778937533e+00 2.992995479446542428e-01 1.283518406076998630e+00 7.885874549958411528e-01 2.430108640427372624e+00
1.382733394836580088e+00 -7.687123218156965976e-01 -1.700349592421705469e-01 -8.092511842759068097e-01 -3.329216825288056070e-01 -1.524015343398288369e-01 4.023199230580785102e-01 -8.207192355765842162e-01 -3.661658968744038040e-02 -2.512793927671550659e-02 9.325313088204704171e-01 2.942324696241286897e-01 1.697675080547986548e+00
9.256853577779275977e-01 -5.442965354167035308e-01 1.589457227698472530e-01 -1.049479178107237454e+00 -7.542017262974837211e-01 4.885310849747506179e-01 7.336289414294712152e-01 -5.789850536693060823e-01 3.838836015618568576e-01 2.344140505003801667e-01 8.447845345063382805e-01 4.072278948519487685e-01 1.825054830092227576e+00
2.160950322801315604e+00 -5.442965354167035308e-01 8.583890454495458899e-02 -2.430790142637386353e+00 -6.137750450412576830e-01 1.289696859117975158e+00 1.667317993203397242e+00 5.491077952313264676e-01 2.135967731767261846e+00 1.479000539080151944e-01 1.283518406076998630e+00 1.671126162428314132e-01 1.283690894529203153e+00
1.703902285742662892e+00 -4.186236950332672957e-01 4.928549543250744513e-02 -2.250619147263889008e+00 1.585717018679855539e-01 1.610163168775264442e+00 1.617119657086519613e+00 -5.789850536693060823e-01 2.398780351298072766e+00 1.056297018127850373e+00 1.064151470291668566e+00 5.484721763867238531e-01 2.547934908755795647e+00
7.774535619751220539e-01 -4.724834837690257139e-01 1.218994587030790111e+00 -6.891371873602420983e-01 8.607051081491157163e-01 8.891139720463627771e-01 8.842239497801047676e-01 -4.984069930335465193e-01 -2.293458440100351325e-01 9.697830215354850125e-01 1.415138567548196669e+00 3.789790385449937071e-01 1.793209892706167485e+00
1.605081088540791789e+00 -3.737405377534688822e-01 1.292101405255682733e+00 1.516607910494142120e-01 1.422411833174019868e+00 8.089973946320399012e-01 1.115136295917742215e+00 -2.566728111262679413e-01 6.642170623947215580e-01 4.939560402774761938e-01 4.937974372498110109e-01 5.411719101501134832e-02 1.697675080547986548e+00
1.024506554979798700e+00 -6.879226387120590536e-01 9.265673141312193994e-01 1.516607910494142120e-01 1.071345130033454884e+00 1.049347126875007863e+00 1.376167643725506373e+00 3.073736133240483337e-01 2.261960298433702554e-01 6.669840334622064715e-01 7.570377601922062549e-01 -5.887823421280871661e-02 1.220001019757082750e+00
1.469201942388217663e+00 -6.699693758001395993e-01 4.148195865569707652e-01 -8.993366819626559261e-01 5.798517456366636402e-01 1.610163168775264442e+00 1.908270006564410481e+00 -3.372508717620274488e-01 4.714878080721272013e-01 1.575380997682041651e+00 1.195771631762866605e+00 2.942324696241286897e-01 2.971472575990397047e+00
7.898062116253556919e-01 6.855019740497786396e-01 7.072468594565414213e-01 -1.289707171938567765e+00 1.141558470661567792e+00 6.487642398033955926e-01 1.004699956460610943e+00 -1.545921781298419173e+00 1.210709820310458401e-01 1.812905901946697609e-02 1.119017852208461193e-02 1.056951589911913514e+00 3.124203042543652331e-01
1.308617496935178481e+00 -6.340628499763009129e-01 -3.162485956919559027e-01 -1.049479178107237454e+00 1.843691876942697982e+00 1.129463704289330073e+00 1.145255297587868704e+00 -9.818753568481032312e-01 8.919879993214243630e-01 2.560425496484717844e-01 5.815442115639430920e-01 1.551306575283625921e+00 1.054282112449735492e-01
-8.723191354125074681e-02 1.313866175966958982e+00 1.036227541468557556e+00 -2.687381981554133881e-01 1.585717018679855539e-01 1.840880908003253713e-01 3.822405886113273699e-01 -9.012972962123436682e-01 6.817379036967755601e-01 -2.414129307576286798e-01 3.183038886215468488e-01 1.282942440367553560e+00 7.358327385891329231e-02
8.762747591769931566e-01 -4.276003264892270783e-01 -2.382132279238522582e-02 -8.693081827337392209e-01 8.835836123987253488e-02 5.045544004576147934e-01 8.541049481099778351e-01 -7.401411749408246532e-01 1.736335059372080269e-01 -5.442119188309072486e-01 6.692909858780751176e-01 1.960914991734473478e+00 9.174741145895102257e-01
-1.860531107431218634e-01 -6.609927443441798722e-01 5.610332230067560655e-01 -5.089661919867439765e-01 -3.329216825288056070e-01 2.962512991803765705e-01 3.420819197178252002e-01 -8.207192355765842162e-01 -2.293458440100351325e-01 -4.879778210458696197e-01 5.815442115639430920e-01 1.438311150055805898e+00 8.537842398173897118e-01
6.168691165220806516e-01 -4.724834837690257139e-01 8.900139050187723111e-01 1.516607910494142120e-01 -2.627083419006925880e-01 3.763678765946987248e-01 5.830339330788381069e-01 -6.595631143050650902e-01 1.210709820310458401e-01 -6.653315140602185096e-01 7.131643730351411303e-01 1.706675284971878259e+00 3.124203042543652331e-01
6.099988226155701743e-02 -2.570443288259925407e-01 3.119771860877997849e+00 1.653085752495228711e+00 1.703265195686471944e+00 5.366010314233436995e-01 6.533116036424672091e-01 8.714200377743641646e-01 5.766128558844512142e-01 -6.393773150825089457e-01 7.570377601922062549e-01 8.309607394562740224e-01 2.646528981752748755e-01
4.809899703695086903e-01 -5.083900095928646223e-01 9.265673141312193994e-01 -1.019450678878320637e+00 -4.733483637850316450e-01 8.891139720463627771e-01 9.143429514502311450e-01 -1.760947504905084060e-01 -2.468666853120891902e-01 -1.116419358690808605e-01 -1.643033701061790419e-01 8.592095957632289727e-01 1.426993112766474336e+00
3.698161235174039496e-01 -5.532731668726632579e-01 -8.279963232662029826e-01 -7.491941858180745095e-01 -4.031350231569186260e-01 1.680647753174605297e-01 1.613679096970651594e-01 -7.401411749408246532e-01 -4.220750983326294614e-01 -4.793264213866331169e-01 2.744305014644808360e-01 2.236103288567414527e-01 1.713597549241016704e+00
1.073917153580733252e+00 -3.916938006653883364e-01 1.584528678155251891e+00 -2.851020432408395491e-02 5.096384050085506212e-01 1.049347126875007863e+00 9.444619531203580776e-01 6.563943141676974180e-02 2.962793950515865138e-01 -2.414129307576286798e-01 1.283518406076998630e+00 1.113449302525823637e+00 5.353348659567870316e-01
1.259206898334241709e+00 -5.891796926965021663e-01 -5.721224594790794704e-01 -1.049479178107237454e+00 -2.627083419006925880e-01 5.686476623890727167e-01 3.019232508243229751e-01 -8.207192355765842162e-01 6.817379036967755601e-01 -1.548989341652633467e-01 3.621772757786129171e-01 1.381813437441895998e+00 9.174741145895102257e-01
9.009800584774604326e-01 -7.507590589037771434e-01 1.218994587030790111e+00 9.023732717723214058e-01 8.835836123987253488e-02 1.129463704289330073e+00 1.225572635374873265e+00 -5.789850536693060823e-01 1.382571555778937533e+00 2.776710487965630136e-01 1.020278083134602554e+00 1.388637599358764074e-01 1.713597549241016704e+00
7.156903137239517543e-01 -6.071329556084216206e-01 -2.382132279238522582e-02 -1.185957020108319715e-01 4.394250643804376577e-01 9.051372875292269526e-01 1.165334632034619844e+00 -1.143031478119622024e+00 6.291753797906134427e-01 7.967550283507547348e-01 5.815442115639430920e-01 3.789790385449937071e-01 2.446031109120403002e+00
8.392168102262901330e-01 -4.545302208571062597e-01 -2.382132279238522582e-02 -6.891371873602420983e-01 2.989983831242116197e-01 2.001114062831895191e-01 6.633512708658425572e-01 4.685297345955669601e-01 6.642170623947215580e-01 -5.269091195124341320e-01 1.195771631762866605e+00 3.648546103915165095e-01 7.741718963522390418e-01
9.380380074281612357e-01 -7.238291645358979620e-01 1.218994587030790111e+00 1.518294904832759827e-03 2.264971920711376097e+00 1.049347126875007863e+00 7.135496069827205190e-01 1.113154219681642632e+00 -4.220750983326294614e-01 1.479000539080151944e-01 1.283518406076998630e+00 5.484721763867238531e-01 1.554372862310715364e+00
6.292217661723142896e-01 -4.814601152249854410e-01 1.036227541468557556e+00 -1.486242012397486767e-01 7.202784268928896783e-01 8.794819790313836150e-02 5.027165952918336567e-01 -5.789850536693060823e-01 -8.917911359360258805e-02 -3.711839256461765268e-01 6.254175987210091048e-01 3.648546103915165095e-01 1.108543738905871878e+00
5.921638172216133755e-01 -4.724834837690257139e-01 1.589457227698472530e-01 3.018032871939956285e-01 1.814502061175951239e-02 6.487642398033955926e-01 9.545016203437334257e-01 -8.207192355765842162e-01 4.714878080721272013e-01 1.812905901946697609e-02 3.621772757786129171e-01 1.212320299600166518e+00 5.512573346498171878e-01
3.451108242169345641e-01 -6.250862185203411858e-01 1.730742314605037135e+00 -1.199621674251818870e+00 7.202784268928896783e-01 4.885310849747506179e-01 6.533116036424672091e-01 -1.760947504905084060e-01 -4.045542570305754038e-01 -1.981559324614461937e-01 5.815442115639430920e-01 2.377347570102186503e-01 4.238775851055761601e-01
6.099988226155701743e-02 -6.161095870643814587e-01 6.706934503440943329e-01 -4.489091935289115654e-01 -1.222816606444665360e-01 2.481813527317834056e-01 4.023199230580785102e-01 -5.789850536693060823e-01 -2.643875266141432756e-01 -3.495554264980852976e-01 7.131643730351411303e-01 -1.436248031336737618e-01 1.140388676291931969e+00
8.570518156202425186e-02 -7.507590589037771434e-01 -9.742099597159882274e-01 -1.199621674251818870e+00 -1.222816606444665360e-01 1.680647753174605297e-01 6.131529347489649284e-01 -6.595631143050650902e-01 -3.870334157285213461e-01 -5.874689171270897070e-01 9.764046959775364298e-01 1.106149036289213877e-01 8.697067085104198680e-01
1.506259891338920687e+00 1.484422173630194131e+00 5.244798138943089771e-01 -1.890277156516893653e+00 1.984118558198924021e+00 1.129463704289330073e+00 1.014739623683986736e+00 -1.304187599391140928e+00 8.569463167173162477e-01 1.812905901946697609e-02 -2.959235315773771635e-01 1.297066868521030925e+00 4.173833647285302845e-02
6.909850144234845892e-01 -5.622497983286229850e-01 -2.065883683546160809e-01 -9.894221796494049315e-01 1.211771811289680922e+00 1.369813436532297146e+00 1.265731304268375323e+00 -1.760947504905084060e-01 1.312488190570721303e+00 4.636761414701482398e-01 -3.268320863498141993e-02 1.085200446218868464e+00 1.531956173240639485e-01
5.056952696699759109e-01 1.349772701790797891e+00 -9.011031414910956050e-01 -2.086811996975810601e-01 -6.839883856693707020e-01 2.481813527317834056e-01 6.533116036424672091e-01 -7.401411749408246532e-01 -1.943041614059269895e-01 -3.365783270092304047e-01 -2.081767572632450825e-01 5.484721763867238531e-01 9.174741145895102257e-01
1.086269803230969000e+00 -4.006704321213480635e-01 8.169070867938796887e-01 -1.349764170396400287e+00 8.835836123987253488e-02 1.530046591360942232e+00 1.536802319299515274e+00 -1.545921781298419173e+00 1.911543472392621124e-01 1.608771533968696987e-01 -3.397969187344431763e-01 1.339440152981463683e+00 1.108543738905871878e+00
2.957002256160000675e-01 1.475445542174234070e+00 -2.796951865795087588e-01 -5.990516896734929819e-01 2.287850424960985729e-01 5.526243469062086522e-01 6.031132675255891362e-01 -3.372508717620274488e-01 1.210709820310458401e-01 -3.019727283722842270e-01 -6.030372416768393640e-01 5.484721763867238531e-01 -2.130211626156290616e-01
6.099988226155701743e-02 -5.083900095928646223e-01 -9.742099597159882274e-01 -7.491941858180745095e-01 5.096384050085506212e-01 1.129463704289330073e+00 9.745809547904845660e-01 -6.595631143050650902e-01 7.693421102070455708e-01 -7.825139958242436841e-03 -3.397969187344431763e-01 1.042827161758436372e+00 4.398000537986063163e-01
1.493907241688687160e+00 1.529305330909992433e+00 2.686059501071854649e-01 -1.786527004686654096e-01 7.904917675210026973e-01 8.891139720463627771e-01 6.231926019723402765e-01 -4.984069930335465193e-01 -5.972835113531701490e-01 7.868885663412290843e-02 -3.836703058915092446e-01 1.014578305451481199e+00 1.060776332826781410e+00
1.703902285742662892e+00 1.125356915391804824e+00 -3.162485956919559027e-01 -1.049479178107237454e+00 1.585717018679855539e-01 1.530046591360942232e+00 1.145255297587868704e+00 -7.401411749408246532e-01 1.049675571039910604e+00 -6.838493757289798580e-02 3.621772757786129171e-01 1.169947015139733537e+00 1.013008926747690941e+00
1.110975102531436276e+00 -5.891796926965021663e-01 -9.011031414910956050e-01 -1.049479178107237454e+00 8.835836123987253488e-02 1.289696859117975158e+00 1.366127976502131025e+00 -1.223609538755381587e+00 9.620713645296407046e-01 4.506990419812933468e-01 -2.081767572632450825e-01 1.014578305451481199e+00 7.582494276592088855e-01
1.358028095536112811e+00 -2.839742231938715555e-01 1.223923136574001092e-01 -2.086811996975810601e-01 2.287850424960985729e-01 7.288808172177178024e-01 8.942636170034801157e-01 -3.372508717620274488e-01 1.382571555778937533e+00 4.939560402774761938e-01 4.937974372498110109e-01 1.953614725497864468e-01 9.970864580546608957e-01
1.160385701132370606e+00 -5.442965354167035308e-01 -3.528020048044014367e-01 -6.290801889024096871e-01 5.798517456366636402e-01 9.371839184949559698e-01 1.516722984852764133e+00 -3.372508717620274488e-01 8.569463167173162477e-01 1.661894994274407455e+00 7.131643730351411303e-01 6.897164579214989377e-01 1.633985205775866145e+00
6.099988226155701743e-02 -5.442965354167035308e-01 -1.193530414390666206e+00 -2.130505150348223520e+00 -5.435617044131446640e-01 6.808108707691246098e-01 1.245651969821624405e+00 -1.545921781298419173e+00 2.311176144787802755e+00 9.265260232393025541e-01 7.131643730351411303e-01 4.213523230054265767e-01 1.283690894529203153e+00
1.024506554979798700e+00 -6.161095870643814587e-01 8.534604959063267771e-01 -6.891371873602420983e-01 -4.031350231569186260e-01 2.481813527317834056e-01 9.645412875671092179e-01 -1.143031478119622024e+00 1.224883984060451292e+00 2.344140505003801667e-01 1.239645018919932618e+00 1.071076018065391322e+00 1.649907674468896301e+00
1.012153905329565173e+00 -5.263432725047840766e-01 1.954991318822927870e-01 -1.650049162685563120e+00 7.904917675210026973e-01 2.539515466781404829e+00 1.717516329320275092e+00 -3.372508717620274488e-01 4.890086493741812590e-01 8.616405257950284780e-01 2.305571143074147955e-01 9.157073083771384292e-01 1.411070644073444180e+00
9.503906570783948737e-01 -3.916938006653883364e-01 1.145887768805897489e+00 -7.191656865891576933e-01 1.071345130033454884e+00 1.129463704289330073e+00 7.637479430995980367e-01 2.267955526882887984e-01 1.561126646351539693e-01 5.372130385736586522e-01 7.570377601922062549e-01 4.496011793123815825e-01 2.000201985715559072e+00
9.133327081276939596e-01 -5.981563241524618935e-01 -4.259088230292940591e-01 -9.293651811915726313e-01 1.281985151917793830e+00 4.885310849747506179e-01 8.741842825567289754e-01 -1.223609538755381587e+00 5.098761682282995644e-02 3.425565462408367567e-01 -1.643033701061790419e-01 8.309607394562740224e-01 9.970864580546608957e-01
6.909850144234845892e-01 -5.442965354167035308e-01 3.417127683320780873e-01 3.018032871939956285e-01 1.141558470661567792e+00 1.065370442357872038e+00 7.537082758762222445e-01 -1.304187599391140928e+00 1.505217444893316436e+00 5.155845394255674785e-01 9.893695283621668779e-02 5.908454608471560565e-01 1.188156082371022437e+00
1.506259891338920687e+00 -5.712264297845827121e-01 -2.431417774670632248e-01 -9.593936804204882263e-01 1.281985151917793830e+00 1.449930013946620022e+00 9.745809547904845660e-01 -8.207192355765842162e-01 7.693421102070455708e-01 5.718186372106047743e-01 -7.655659579204746046e-02 9.863294491445262491e-01 7.104820215801185279e-01
3.574634738671681466e-01 -3.288573804736701911e-01 1.145887768805897489e+00 -8.092511842759068097e-01 1.585717018679855539e-01 1.129463704289330073e+00 1.205493300928122125e+00 -4.178289323977869563e-01 1.210709820310458401e-01 4.074420436851108329e-01 4.937974372498110109e-01 3.224813259310836955e-01 1.665830143161926458e+00
8.886274088272267946e-01 -8.135954790954953442e-01 4.879264047818634431e-01 -8.392796835048235149e-01 5.798517456366636402e-01 1.770396323603909527e+00 1.647238658756646101e+00 -1.384765660026900491e+00 7.868629515091000171e-01 7.534980300545718324e-01 -2.959235315773771635e-01 3.648546103915165095e-01 1.713597549241016704e+00
-7.789802939543485349e-01 -1.253450420437521640e+00 -3.679162234037014478e+00 -2.671018136468716886e+00 -8.244150669255967401e-01 -5.049144749628479145e-01 -1.465058180489773543e+00 -6.595631143050650902e-01 -2.051513339423656657e+00 -1.344466387310285782e+00 4.060506629356789299e-01 -1.118210345723620547e+00 -7.225401607925932002e-01
-8.283908925552829761e-01 -1.109824317142166006e+00 -3.162485956919559027e-01 -1.049479178107237454e+00 8.835836123987253488e-02 -3.927512665827967431e-01 -9.429954848742448936e-01 2.160669007946515841e+00 -2.069034180725710659e+00 -7.734740098006751552e-01 1.283518406076998630e+00 -1.330076768025783229e+00 -2.130211626156290616e-01
-4.454587533980321479e-01 -8.764318992872132119e-01 -1.266637232615559050e+00 -8.092511842759068097e-01 1.814502061175951239e-02 -4.408212130313898802e-01 -6.217261337262275367e-01 1.354888401588921321e+00 -1.701096513382575504e+00 2.992995479446542428e-01 9.893695283621668779e-02 -1.443072193253603031e+00 -9.454547224950150541e-01
8.268641605760564950e-01 -9.751748453027702102e-01 -1.632171323740022384e+00 -4.489091935289115654e-01 -4.031350231569186260e-01 -3.126346891684738671e-01 -2.402187792379566200e-01 -3.372508717620274488e-01 -1.508367259059980814e+00 -5.442119188309072486e-01 1.195771631762866605e+00 -2.142469439010609988e-01 -3.722458495459303740e-01
-7.789802939543485349e-01 -1.082894422774286936e+00 -7.548895050413102492e-01 -1.486242012397486767e-01 -8.946284075537097591e-01 1.930629478432554391e+00 1.074977627024240157e+00 -1.384765660026900491e+00 4.890086493741812590e-01 -2.630414299057199368e-01 1.151898244605800592e+00 3.648546103915165095e-01 -1.040989534653195880e+00
-1.026033286959025181e+00 -7.956422161835757789e-01 5.975866321192015995e-01 -1.486242012397486767e-01 2.989983831242116197e-01 -6.491243143086284917e-01 -2.803774481314588174e-01 7.102639165028454826e-01 -9.827420199983591953e-01 -9.118964043484594217e-01 2.160986149218318442e+00 -5.391087914310433993e-01 -1.247981627662587467e+00
-7.789802939543485349e-01 -1.011081371126609119e+00 7.072468594565414213e-01 -4.188806942999948602e-01 -1.222816606444665360e-01 2.001114062831895191e-01 6.231926019723402765e-01 6.563943141676974180e-02 8.569463167173162477e-01 -1.981559324614461937e-01 1.020278083134602554e+00 -4.402377943567011287e-01 -2.193901500928411019e-01
1.351157801629586930e-01 -1.190614000245803661e+00 -2.436346324213841008e+00 -1.349764170396400287e+00 -1.526548473206726930e+00 1.097417073323601056e+00 1.155294964811244496e+00 -8.207192355765842162e-01 1.207363142758396846e+00 1.046430556118323196e-01 7.131643730351411303e-01 8.027118831493189610e-01 -7.798610480875016737e-01
-7.789802939543485349e-01 -1.046987896950448027e+00 -1.632171323740022384e+00 3.154679413374947283e-02 -1.526548473206726930e+00 -2.966113736856097471e-01 -2.938576754707016708e-02 -7.401411749408246532e-01 -9.652211786963051932e-01 -1.635503338245000715e-01 7.131643730351411303e-01 1.226444727753643660e+00 -7.543850981786535126e-01
4.192267221183384462e-01 -1.253450420437521640e+00 -2.382132279238522582e-02 -7.491941858180745095e-01 7.202784268928896783e-01 3.763678765946987248e-01 -7.321624731833583644e-01 1.516044522860440447e+00 -2.051513339423656657e+00 -8.167310080968578356e-01 2.744305014644808360e-01 -9.628416360353683201e-01 9.893399086792769789e-03
-9.766226883580886309e-01 -1.029034634038528573e+00 -2.253579278651609119e+00 -8.092511842759068097e-01 3.599025392645523791e+00 -7.132175762400860819e-01 -7.522418076301095047e-01 -1.787655963205697640e+00 1.592821651403586447e+00 -9.551534026446421022e-01 1.415138567548196669e+00 6.473431734610660682e-01 -9.201040054860007422e-02
-8.778014911562196376e-01 -6.520161128882201451e-01 -5.721224594790794704e-01 2.717747879650789233e-01 2.287850424960985729e-01 -1.914966237454922782e+00 -1.013273155437873774e+00 6.563943141676974180e-02 -2.293458440100351325e-01 -8.686394060522769633e-01 -2.257261121260714931e-01 -1.118210345723620547e+00 3.920326477195159032e-01
1.061564503930499503e+00 -7.417824274478174162e-01 1.109334359693450400e+00 1.653085752495228711e+00 -9.648417481818227781e-01 1.049347126875007863e+00 8.340256136632266948e-01 -1.223609538755381587e+00 4.890086493741812590e-01 -7.258913116748743066e-01 1.766125664804724993e+00 7.744630268423640107e-01 -1.072834472039256193e+00
6.045164668718470136e-01 -6.071329556084216206e-01 -4.624622321417395931e-01 1.352800760206065656e+00 -8.946284075537097591e-01 -6.651476297914930003e-01 -1.900204431210788247e-01 -7.401411749408246532e-01 -9.827420199983591953e-01 -5.701661178086165904e-01 9.893695283621668779e-02 2.377347570102186503e-01 -8.753958602456825000e-01
-1.311601563984686643e-02 -5.981563241524618935e-01 8.534604959063267771e-01 3.154510713941042876e+00 2.756465305108167563e+00 1.610163168775264442e+00 8.641446153333536273e-01 -1.223609538755381587e+00 6.466962210926674448e-01 -7.388684111637289220e-01 1.546758729019394929e+00 1.254693584060598610e+00 7.582494276592088855e-01
-1.285438929613935466e+00 -1.118800948598125844e+00 -2.431417774670632248e-01 4.519457833385771006e-01 8.835836123987253488e-02 1.738349692638180510e+00 1.111695735801876139e-01 -1.868234023841457203e+00 1.035501407289917686e-01 -7.994282087783847190e-01 1.428103399932827144e-01 7.320897423819311411e-01 4.429845475372123365e-01
-1.656018419120952823e+00 -4.096470635773077906e-01 -1.632171323740022384e+00 -1.049479178107237454e+00 -1.924950012725795412e-01 -1.097777147828833844e+00 -4.610914581522186362e-01 -1.760947504905084060e-01 -7.724919243737108365e-01 -5.442119188309072486e-01 1.195771631762866605e+00 -6.662286448123406757e-01 -1.015513584744347719e+00
3.629458296108759030e-02 -1.289356946261360548e+00 -2.399792915101394364e+00 -1.049479178107237454e+00 -9.648417481818227781e-01 -5.529844214114414402e-01 7.332341230562783091e-04 -9.818753568481032312e-01 -2.293458440100351325e-01 -1.981559324614461937e-01 1.020278083134602554e+00 -1.859980875941059930e-01 -1.130155359334164666e+00
-1.433670725416743341e+00 4.969927134746244257e-01 -4.990156412541867370e-01 -4.489091935289115654e-01 8.607051081491157163e-01 -9.215206775173246934e-01 -7.120831387366073351e-01 5.491077952313264676e-01 -1.122908750414791879e+00 -1.041667399237007574e+00 1.119017852208461193e-02 -1.295003749801959536e-01 -7.862300355647138250e-01
-8.283908925552829761e-01 -1.208567263157723115e+00 -1.522511096402683339e+00 -1.409821168854232587e+00 2.545825283223828173e+00 -6.331009988257639831e-01 -1.799807758977032823e-01 -9.551668985474931484e-02 2.048363525256991391e+00 -7.172399120156377483e-01 4.499240500927449427e-01 -4.261133662032233205e-01 9.893399086792769789e-03
-3.713428554966304862e-01 1.376702596158677183e+00 1.223923136574001092e-01 1.052515767916902822e+00 8.835836123987253488e-02 8.570673410806338710e-01 5.227959297385846860e-01 5.491077952313264676e-01 6.291753797906134427e-01 -1.076272997873953585e+00 1.020278083134602554e+00 7.320897423819311411e-01 -9.040563038931367368e-01
-1.236028331013001136e+00 -1.271403683349441094e+00 -1.339744050840451672e+00 -1.486242012397486767e-01 -9.648417481818227781e-01 2.001114062831895191e-01 2.316455802606938452e-01 -4.984069930335465193e-01 -2.819083679161973333e-01 -1.106552896681281428e+00 1.853872439118856130e+00 7.179653142284538880e-01 -1.493187645535251518e+00
-3.466375561961610452e-01 -4.724834837690257139e-01 -6.086758685915248934e-01 -2.086811996975810601e-01 -9.648417481818227781e-01 -1.524015343398288369e-01 5.027165952918336567e-01 -8.207192355765842162e-01 3.138002363536405714e-01 -5.009549205347245682e-01 8.886579216634044043e-01 7.462141705354089494e-01 -1.047483755030241687e-01
-1.137207133811130033e+00 -1.082894422774286936e+00 5.244798138943089771e-01 1.352800760206065656e+00 -1.526548473206726930e+00 -4.728678439971188974e-01 -4.510517909288430660e-01 3.073736133240483337e-01 -3.344708918223595062e-01 -1.236323891569829136e+00 1.546758729019394929e+00 1.529881880893542156e-01 -3.722458495459303740e-01
6.099988226155701743e-02 1.367725964702717345e+00 -1.700349592421705469e-01 9.023732717723214058e-01 -1.035055088809935908e+00 -1.033683885897376253e+00 -4.410121237054674959e-01 1.999512886674996714e+00 5.098761682282995644e-02 -1.116419358690808605e-01 -5.152904673627073384e-01 -8.498462108075485189e-01 -7.384626294856233564e-01
-1.433670725416743341e+00 -1.298333577717320164e+00 7.803536776814341547e-01 -4.489091935289115654e-01 -4.031350231569186260e-01 -1.524015343398288369e-01 1.814472441438162720e-01 -1.143031478119622024e+00 1.330009031872775749e+00 -8.686394060522769633e-01 -7.346574031480370692e-01 6.614676016145438764e-01 -7.225401607925932002e-01
-4.084008044473313448e-01 -1.217543894613682731e+00 -4.624622321417395931e-01 -4.489091935289115654e-01 -5.206832001635351009e-02 -1.524015343398288369e-01 -8.962377088732349784e-02 -4.984069930335465193e-01 -2.293458440100351325e-01 -1.054644498725862301e+00 1.195771631762866605e+00 7.744630268423640107e-01 -9.454547224950150541e-01
-1.038385936609258930e+00 -6.520161128882201451e-01 -2.065883683546160809e-01 9.924587694590705222e-01 -6.839883856693707020e-01 -8.253807846201376419e-01 -3.406154514717121828e-01 5.491077952313264676e-01 -5.413743098949444499e-02 -1.128181395829372713e+00 1.634505503333526955e+00 -4.967355069706111403e-01 -8.021525042577438702e-01
-1.668371068771186350e+00 -5.981563241524618935e-01 9.265673141312193994e-01 1.953370744784391544e+00 -8.244150669255967401e-01 -6.010543678600349660e-01 -4.209327892587164111e-01 3.073736133240483337e-01 -4.395959396346835191e-01 -1.063295898385098637e+00 1.766125664804724993e+00 8.450851676097511644e-01 -5.887914237711401322e-01
-1.680723718421419877e+00 -2.480676973700326193e-01 3.417127683320780873e-01 6.321167787120752779e-01 -1.105268429438048816e+00 -5.529844214114414402e-01 -3.406154514717121828e-01 9.519980984101236166e-01 -4.220750983326294614e-01 -9.767819017927336089e-01 1.866837271503487550e-01 1.953614725497864468e-01 -2.130211626156290616e-01
-1.137207133811130033e+00 -9.033617936550923933e-01 -2.431417774670632248e-01 1.232686763290401055e+00 -2.088255198231631304e+00 -1.524015343398288369e-01 -4.410121237054674959e-01 4.685297345955669601e-01 -3.695125744264676770e-01 -1.435306083732269311e+00 4.937974372498110109e-01 8.450851676097511644e-01 -3.881683182389604747e-01
-1.137207133811130033e+00 -4.545302208571062597e-01 -1.700349592421705469e-01 -2.987666973843301488e-01 -1.315908451322387984e+00 -1.113800463311698241e+00 -5.313691287158475163e-01 1.274310340953161758e+00 8.602929942693769705e-02 -1.149809894977463998e+00 5.376708244068770792e-01 -4.826110788171333321e-01 -8.499199103368343389e-01
-1.236028331013001136e+00 -7.417824274478174162e-01 1.954991318822927870e-01 7.522307756277399893e-01 -9.648417481818227781e-01 -1.354150195554665981e+00 -7.823608093002362152e-01 1.113154219681642632e+00 6.850845812488363940e-02 -6.307259154232723875e-01 4.060506629356789299e-01 5.411719101501134832e-02 -9.454547224950150541e-01
-3.836955051468640687e-01 -7.238291645358979620e-01 -3.893554139168485806e-01 3.618602856518280397e-01 -1.386121791950500892e+00 -1.466313403934717430e+00 -5.715277976093496859e-01 1.757778704767718025e+00 5.098761682282995644e-02 -8.686394060522769633e-01 1.119017852208461193e-02 -7.792240700401606990e-01 -8.021525042577438702e-01
-8.778014911562196376e-01 4.431329247388660630e-01 -5.355690503666322710e-01 -4.489091935289115654e-01 -8.244150669255967401e-01 2.481813527317834056e-01 2.216059130373184971e-01 -9.012972962123436682e-01 6.992587449988296733e-01 -1.257952390717920643e+00 8.447845345063382805e-01 9.722050209910484408e-01 -1.454973720671979276e+00
-1.705429017721889373e+00 -3.109041175617507369e-01 -3.162485956919559027e-01 -4.489091935289115654e-01 -1.222816606444665360e-01 1.161510335255059090e+00 2.316455802606938452e-01 -1.545921781298419173e+00 -4.220750983326294614e-01 -7.821254094599116025e-01 8.886579216634044043e-01 4.919744637728137859e-01 -1.279826565048647780e+00
-6.554537974520080468e-01 -7.328057959918576891e-01 -6.086758685915248934e-01 -1.486242012397486767e-01 4.371372139554766889e+00 3.282979301461055321e-01 2.416852474840696097e-01 -3.372508717620274488e-01 2.959447272963802167e+00 -1.063295898385098637e+00 8.886579216634044043e-01 2.586833470805633209e-02 6.053937282061196967e-01
-1.470728674367444144e+00 -1.942079086342742567e-01 1.365208223480575356e+00 6.020882794831585727e-01 2.405398601967602357e+00 -1.113800463311698241e+00 -1.043392157108000484e+00 -1.787655963205697640e+00 -5.413743098949444499e-02 -1.106552896681281428e+00 -3.268320863498141993e-02 -4.967355069706111403e-01 -3.881683182389604747e-01
-8.778014911562196376e-01 -8.315487420074147984e-01 -1.412850869065344295e+00 -1.049479178107237454e+00 -1.035055088809935908e+00 4.084145075604277420e-01 4.725975936217071682e-01 -5.789850536693060823e-01 3.138002363536405714e-01 -9.335249034965509285e-01 1.195771631762866605e+00 1.812370443963092492e-01 -1.015513584744347719e+00
-7.789802939543485349e-01 -1.136754211510045298e+00 -9.742099597159882274e-01 -2.987666973843301488e-01 -8.244150669255967401e-01 1.962676109398283408e+00 1.727555996543650441e+00 -9.818753568481032312e-01 6.291753797906134427e-01 -2.414129307576286798e-01 3.621772757786129171e-01 2.236103288567414527e-01 -2.767110373877496032e-01
-8.778014911562196376e-01 7.483383942414965073e-01 -5.721224594790794704e-01 -4.489091935289115654e-01 -8.244150669255967401e-01 8.891139720463627771e-01 9.645412875671092179e-01 7.102639165028454826e-01 2.135967731767261846e+00 -1.193066893273646789e+00 2.029365987747120403e+00 3.083568977776064979e-01 -1.085572446993680273e+00
-1.137207133811130033e+00 -2.301144344581131651e-01 -2.436346324213841008e+00 -5.990516896734929819e-01 -1.924950012725795412e-01 -1.043315878912356859e-01 1.412885752503140468e-01 -8.207192355765842162e-01 -3.344708918223595062e-01 -7.604969103118204288e-01 1.371265180391130656e+00 4.919744637728137859e-01 -1.174863504574482770e-01
-4.948693519989688094e-01 -8.943851621991326661e-01 -1.705278141964915006e+00 -2.987666973843301488e-01 -8.244150669255967401e-01 -1.354150195554665981e+00 -6.719244698431050544e-01 -5.789850536693060823e-01 -4.220750983326294614e-01 -1.128181395829372713e+00 3.621772757786129171e-01 2.236103288567414527e-01 -5.887914237711401322e-01
-8.160382429050493380e-01 1.020209294123966826e-01 3.417127683320780873e-01 4.519457833385771006e-01 -1.222816606444665360e-01 4.244378230432925836e-01 8.105057191006072304e-02 -1.760947504905084060e-01 -4.921584635408457475e-01 -9.767819017927336089e-01 -6.907840159909709454e-01 1.085200446218868464e+00 -9.836686473582874068e-01
-1.458376024717210617e+00 -5.532731668726632579e-01 -1.778384960189807629e+00 1.518294904832759827e-03 -9.648417481818227781e-01 3.282979301461055321e-01 -3.908137875885899226e-01 6.563943141676974180e-02 -2.994292092182513909e-01 -1.296883689184485045e+00 -7.655659579204746046e-02 -2.424958002080160047e-01 -1.056912003346226037e+00
-6.060431988510734946e-01 -5.442965354167035308e-01 -1.412850869065344295e+00 3.018032871939956285e-01 -1.035055088809935908e+00 -1.524015343398288369e-01 -1.097031053340746104e-01 -3.372508717620274488e-01 -1.943041614059269895e-01 -9.162221041780778119e-01 3.621772757786129171e-01 1.353564581134940825e+00 -2.384971125244772783e-01
-7.172170457031782353e-01 1.917872439719935929e-01 -3.528020048044014367e-01 7.522307756277399893e-01 -6.839883856693707020e-01 -9.856139394487826166e-01 -1.900204431210788247e-01 2.402403189853794085e+00 -2.994292092182513909e-01 -1.020038900088916067e+00 -4.275436930485752574e-01 9.722050209910484408e-01 -1.375361377206828717e+00
-9.272120897571540787e-01 -5.442965354167035308e-01 -9.011031414910956050e-01 -1.486242012397486767e-01 -1.386121791950500892e+00 -1.033683885897376253e+00 7.332341230562783091e-04 6.563943141676974180e-02 6.850845812488363940e-02 -7.172399120156377483e-01 1.866837271503487550e-01 7.885874549958411528e-01 -7.543850981786535126e-01
-3.466375561961610452e-01 -5.263432725047840766e-01 -3.162485956919559027e-01 9.023732717723214058e-01 -1.105268429438048816e+00 -1.466313403934717430e+00 -2.703377809080833027e-01 9.519980984101236166e-01 6.850845812488363940e-02 -7.604969103118204288e-01 -3.397969187344431763e-01 -2.707446565149710382e-01 -8.244439604279860667e-01
-9.642700387078549928e-01 -9.392683194789313017e-01 -1.559064505515129540e+00 -1.486242012397486767e-01 -5.435617044131446640e-01 1.039715133860025092e-01 1.077290134643205631e-02 2.267955526882887984e-01 8.569463167173162477e-01 -1.020038900088916067e+00 -4.275436930485752574e-01 5.767210326936788034e-01 -1.384914858422646722e+00
-1.717781667372123122e+00 -8.854085307431729390e-01 1.218994587030790111e+00 1.516607910494142120e-01 -4.031350231569186260e-01 7.128575017348536269e-01 8.942636170034801157e-01 -5.789850536693060823e-01 1.575300810101532667e+00 -1.041667399237007574e+00 1.119017852208461193e-02 9.157073083771384292e-01 -2.130211626156290616e-01
-1.903071412125629358e+00 1.260006387231201064e+00 -1.997705414864484830e+00 1.518294904832759827e-03 5.096384050085506212e-01 1.417883382980891005e+00 5.529149314087116185e-01 -9.818753568481032312e-01 3.485072512025424007e+00 -9.335249034965509285e-01 -9.101509517763011203e-01 2.801080414706514921e-01 -5.887914237711401322e-01
-5.936905492008399676e-01 8.406766650047721445e-02 -7.183360959288647152e-01 4.519457833385771006e-01 -8.244150669255967401e-01 4.084145075604277420e-01 2.416852474840696097e-01 -8.207192355765842162e-01 -6.498460352593323774e-01 -1.322837888162194497e+00 -2.520501444203110952e-01 2.377347570102186503e-01 -1.343516439820768404e+00
-1.532491922618614444e+00 3.084834528994702674e-01 2.023169587504607847e+00 1.516607910494142120e-01 2.287850424960985729e-01 -8.734507310687311676e-01 7.332341230562783091e-04 1.918934826039237151e+00 -9.477003373942510800e-01 -5.442119188309072486e-01 1.195771631762866605e+00 -1.577492312871509594e-01 -4.454892055338689483e-01
-1.964834660376799658e+00 -1.432983049556716182e+00 4.879264047818634431e-01 4.519457833385771006e-01 -8.244150669255967401e-01 2.962512991803765705e-01 -1.934610032369483285e-02 4.685297345955669601e-01 -2.643875266141432756e-01 -8.556623065634221259e-01 6.254175987210091048e-01 -4.261133662032233205e-01 -9.964066223127114874e-01
-1.137207133811130033e+00 -8.495020049193342526e-01 4.879264047818634431e-01 9.023732717723214058e-01 -1.105268429438048816e+00 4.244378230432925836e-01 2.617645819308207500e-01 5.491077952313264676e-01 -9.652211786963051932e-01 -9.335249034965509285e-01 -1.204299829491130014e-01 8.168363113027962141e-01 -1.152446815504406752e+00
-2.434235347085687895e+00 -7.417824274478174162e-01 -6.086758685915248934e-01 6.020882794831585727e-01 -1.035055088809935908e+00 2.642046682146475534e-01 1.412885752503140468e-01 1.274310340953161758e+00 7.343004276029374555e-01 -1.366094886458377289e+00 3.301694215302034330e+00 3.648546103915165095e-01 -1.082387953255074198e+00
-1.458376024717210617e+00 -7.776889532716563247e-01 -1.376297459952897873e+00 3.918887848807447449e-01 -9.648417481818227781e-01 -5.049144749628479145e-01 -4.309724564820919257e-01 -4.984069930335465193e-01 -1.066999548956566457e-01 -1.344466387310285782e+00 -3.268320863498141993e-02 1.014578305451481199e+00 -8.021525042577438702e-01
-7.172170457031782353e-01 -6.520161128882201451e-01 -6.452292777039720928e-01 9.023732717723214058e-01 5.798517456366636402e-01 -4.728678439971188974e-01 6.097123746330961047e-02 -1.760947504905084060e-01 3.346677552077589185e-02 -1.296883689184485045e+00 4.499240500927449427e-01 4.919744637728137859e-01 -1.279826565048647780e+00
-2.848743079449929660e-01 9.817308120964495233e-01 -1.412850869065344295e+00 -1.049479178107237454e+00 -1.386121791950500892e+00 -1.065730516863105271e+00 -7.823608093002362152e-01 5.491077952313264676e-01 -1.333158846039440348e+00 -7.172399120156377483e-01 -1.129517887561631406e+00 -6.944775011192956260e-01 -1.193845234106285069e+00
-1.236028331013001136e+00 9.817308120964495233e-01 -1.339744050840451672e+00 -1.486242012397486767e-01 -8.946284075537097591e-01 -4.728678439971188974e-01 -3.908137875885899226e-01 6.563943141676974180e-02 4.890086493741812590e-01 -1.634288275894709486e+00 -1.204299829491130014e-01 6.190943171541110068e-01 -5.824224362939280919e-01
-1.915424061775865328e+00 5.713777213259782495e-02 1.954991318822927870e-01 1.516607910494142120e-01 -2.627083419006925880e-01 9.692305494606849869e-01 7.637479430995980367e-01 -3.372508717620274488e-01 4.189252841659649729e-01 -7.821254094599116025e-01 -6.907840159909709454e-01 1.099324874372346272e+00 -3.881683182389604747e-01
-1.779544915623291201e+00 -2.570443288259925407e-01 3.156325269990443161e+00 2.704083225507298849e+00 1.352198492545906960e+00 1.417883382980891005e+00 3.062831737252598163e+00 8.714200377743641646e-01 4.890086493741812590e-01 4.074420436851108329e-01 -1.204299829491130014e-01 1.523057718976670971e+00 -8.976873164159246965e-01
-7.172170457031782353e-01 1.879393957692421457e+00 1.328654814368128267e+00 2.103513240928973183e+00 1.585717018679855539e-01 -1.524015343398288369e-01 1.011299063568118356e-01 5.491077952313264676e-01 2.086751885413161700e-01 -1.288232289525248486e+00 -1.643033701061790419e-01 7.179653142284538880e-01 -1.216136690276527377e+00
6.099988226155701743e-02 3.109192467158903739e+00 -8.645497323786500710e-01 6.020882794831585727e-01 -9.648417481818227781e-01 5.205777159404796350e-01 6.231926019723402765e-01 -4.984069930335465193e-01 7.343004276029374555e-01 -1.063295898385098637e+00 -9.978977260904332569e-01 6.897164579214989377e-01 -1.168369284197436908e+00
-1.396612776466042538e+00 1.771674380220904732e+00 8.583890454495458899e-02 4.519457833385771006e-01 -1.245695110694274854e+00 9.051372875292269526e-01 1.004699956460610943e+00 -1.223609538755381587e+00 2.311176144787802755e+00 -9.767819017927336089e-01 -9.101509517763011203e-01 1.452435578209283706e+00 -1.168369284197436908e+00
-1.149559783461363560e+00 -1.583013828104353204e-01 -7.183360959288647152e-01 4.519457833385771006e-01 -1.035055088809935908e+00 4.885310849747506179e-01 6.231926019723402765e-01 6.563943141676974180e-02 -4.220750983326294614e-01 -9.940847011112066145e-01 -4.275436930485752574e-01 9.439561646840934905e-01 -1.174738271674649059e+00
-7.048643960529447083e-01 -7.238291645358979620e-01 -2.796951865795087588e-01 6.020882794831585727e-01 -9.648417481818227781e-01 7.128575017348536269e-01 1.125175963141117563e+00 2.267955526882887984e-01 3.138002363536405714e-01 -4.836521212162514516e-01 -1.173391274718697419e+00 3.224813259310836955e-01 -1.257535108878405694e+00
-1.495433973667913641e+00 -1.852312771783147238e-01 1.511421859930359268e+00 2.704083225507298849e+00 -5.435617044131446640e-01 -2.645647427198807300e-01 2.115662458139431767e-01 1.757778704767718025e+00 2.962793950515865138e-01 -8.902679052003682481e-01 5.506356567915064726e-02 -2.424958002080160047e-01 -8.945028226773186208e-01
-7.789802939543485349e-01 -6.340628499763009129e-01 -2.431417774670632248e-01 1.502943256350647294e+00 -8.244150669255967401e-01 -1.203549033740998336e-01 4.223992575048295950e-01 3.073736133240483337e-01 5.415711732803430989e-01 -1.270929490206775370e+00 -2.959235315773771635e-01 2.377347570102186503e-01 -1.289380046264466007e+00
-1.186617732412066584e+00 1.762697748764945116e+00 4.928549543250744513e-02 7.522307756277399893e-01 -1.386121791950500892e+00 -3.126346891684738671e-01 -2.803774481314588174e-01 4.685297345955669601e-01 -4.220750983326294614e-01 -1.063295898385098637e+00 -7.346574031480370692e-01 -5.887823421280871661e-02 -5.314705364762316586e-01
-1.737004610928882531e-01 -8.854085307431729390e-01 -1.700349592421705469e-01 -4.489091935289115654e-01 1.562838514430245906e+00 -1.258010302657478929e+00 -7.823608093002362152e-01 -1.223609538755381587e+00 -1.140429591716845881e+00 -4.144409239423593738e-01 -8.662775646192351076e-01 -1.866805037857927951e+00 -3.722458495459303740e-01
-1.489951617924188121e-01 5.867590280342217524e-01 1.223923136574001092e-01 1.516607910494142120e-01 2.989983831242116197e-01 -1.594499927797633054e+00 -8.124798109703628146e-01 -9.818753568481032312e-01 -1.333158846039440348e+00 1.479000539080151944e-01 -9.540243389333672441e-01 -1.683187471862720663e+00 -6.906952234065329987e-01
-2.354637093440563322e-01 -2.365191097103955600e-02 1.223923136574001092e-01 1.352800760206065656e+00 -1.222816606444665360e-01 -1.834849660040600572e+00 -9.429954848742448936e-01 -7.401411749408246532e-01 -1.333158846039440348e+00 2.776710487965630136e-01 -1.305011436189895013e+00 -1.767934040783585292e+00 -5.951604112483521725e-01
-3.713428554966304862e-01 1.089450389567965916e+00 -2.382132279238522582e-02 6.020882794831585727e-01 4.394250643804376577e-01 -9.535673084830537105e-01 -8.325591454171139549e-01 -1.545921781298419173e+00 -1.315638004737386346e+00 -2.512793927671550659e-02 -7.785307903051030820e-01 -1.866805037857927951e+00 -4.677806617041111448e-01
-6.060431988510734946e-01 -9.841514767587299373e-01 -4.259088230292940591e-01 -5.990516896734929819e-01 -1.035055088809935908e+00 -4.728678439971188974e-01 -1.455018513266397751e+00 1.918934826039237151e+00 -5.972835113531701490e-01 1.695285530561064236e-01 -9.101509517763011203e-01 -1.556067618481423054e+00 -3.085559747738098602e-01
-4.948693519989688094e-01 1.109975608683562154e-01 -6.086758685915248934e-01 -2.987666973843301488e-01 -4.031350231569186260e-01 -1.081753832345969224e+00 -1.374701175479393189e+00 2.160669007946515841e+00 -1.140429591716845881e+00 8.832690249431196516e-01 -9.978977260904332569e-01 -1.457196621407080395e+00 -1.652537565365386762e-01
-9.272120897571540787e-01 2.139716269915253211e+00 6.341400412316487989e-01 4.519457833385771006e-01 -7.542017262974837211e-01 -1.466313403934717430e+00 -1.565454852723528800e+00 1.354888401588921321e+00 -1.385721369945602355e+00 -5.225834196828157419e-01 -9.101509517763011203e-01 -1.895053894164882902e+00 -8.564141307138802006e-02
-5.813378995506063296e-01 2.848870154936071764e+00 9.996741323561121328e-01 1.653085752495228711e+00 -2.627083419006925880e-01 -8.093574691372731333e-01 -1.434939178819646610e+00 2.160669007946515841e+00 -8.600961308839807362e-01 -2.512793927671550659e-02 -6.030372416768393640e-01 -1.301827911718828279e+00 -7.384626294856233564e-01
6.045164668718470136e-01 1.125356915391804824e+00 -6.452292777039720928e-01 1.518294904832759827e-03 -8.244150669255967401e-01 -1.081753832345969224e+00 -1.555415185500153230e+00 1.757778704767718025e+00 -1.245554639529170116e+00 2.776710487965630136e-01 -6.469106288339049327e-01 -1.118210345723620547e+00 -5.314705364762316586e-01
-1.984057603933554736e-01 5.598291336663423490e-01 8.900139050187723111e-01 1.352800760206065656e+00 8.835836123987253488e-02 3.987825145454449577e-02 -1.434939178819646610e+00 1.354888401588921321e+00 -1.368200528643548353e+00 -5.973353791366164955e-02 -2.959235315773771635e-01 -6.521042166588634226e-01 -4.996255990901714017e-01
-8.723191354125074681e-02 4.251796618269466088e-01 1.218994587030790111e+00 4.519457833385771006e-01 -2.627083419006925880e-01 -1.209940356208885293e+00 -1.535335851053402090e+00 1.354888401588921321e+00 -1.473325576455872810e+00 -1.981559324614461937e-01 -8.224041774621690948e-01 -4.261133662032233205e-01 -4.677806617041111448e-01
4.439320214188056668e-01 2.007638754279535143e-01 -6.037473190483074598e-02 1.516607910494142120e-01 -7.542017262974837211e-01 -1.434266772968988413e+00 -1.535335851053402090e+00 6.563943141676974180e-02 -1.666054830778467277e+00 2.344140505003801667e-01 -1.129517887561631406e+00 -2.001225157475831629e-01 1.054282112449735492e-01
6.415744158225479277e-01 7.483383942414965073e-01 1.292101405255682733e+00 1.202658264061484239e+00 -1.924950012725795412e-01 -1.193917040726020895e+00 -1.515256516606651171e+00 1.113154219681642632e+00 -1.823742402496953741e+00 -3.062984282019027837e-01 -2.959235315773771635e-01 -7.792240700401606990e-01 -7.225401607925932002e-01
7.651009123248861954e-01 2.346178793402327489e+00 -6.037473190483074598e-02 1.516607910494142120e-01 -5.435617044131446640e-01 -4.728678439971188974e-01 -1.234145834352135651e+00 8.714200377743641646e-01 -1.000262861300413419e+00 -2.846699290538111660e-01 -2.081767572632450825e-01 -7.933484981936385072e-01 -6.270053486344124849e-01
-9.272120897571540787e-01 1.385679227614636799e+00 -6.086758685915248934e-01 -2.987666973843301488e-01 8.607051081491157163e-01 -1.466313403934717430e+00 -1.254225168798886791e+00 -5.789850536693060823e-01 -7.900127656757648387e-01 1.363421706030747416e+00 -1.348884823346961026e+00 -8.639706389610257720e-01 3.442652416404254900e-01
1.968790284141289648e-01 1.107403652479885370e+00 -7.914429141537574486e-01 4.519457833385771006e-01 1.585717018679855539e-01 -1.274033618140343327e+00 -1.485137514936524461e+00 5.491077952313264676e-01 -5.096793048428998052e-01 -4.576979222385418877e-01 -1.568251759132291312e+00 -1.315952339872305643e+00 2.646528981752748755e-01
1.086269803230969000e+00 2.426968476505964922e+00 -4.990156412541867370e-01 1.516607910494142120e-01 -1.386121791950500892e+00 -2.107246023249296663e+00 -1.695970526627410768e+00 3.073736133240483337e-01 -1.595971465570251047e+00 -6.838493757289798580e-02 -1.655998533446423338e+00 -1.810307325244017829e+00 -1.056912003346226037e+00
-1.613478114426546428e-01 2.040973323899696990e+00 4.148195865569707652e-01 6.020882794831585727e-01 -9.648417481818227781e-01 -9.535673084830537105e-01 -1.384740842702768981e+00 8.714200377743641646e-01 -1.280596322133278120e+00 1.121182515572124450e+00 -1.831492082074686945e+00 -1.061712633109710646e+00 -3.881683182389604747e-01
3.945214228178712257e-01 8.111748144332148192e-01 4.928549543250744513e-02 6.020882794831585727e-01 -5.435617044131446640e-01 -5.850310523771704574e-01 -1.274304503245637932e+00 7.102639165028454826e-01 -5.972835113531701490e-01 1.454261402452730723e+00 -1.787618694917620932e+00 -1.400698908793170494e+00 -3.085559747738098602e-01
9.805783121225786214e-02 1.403632490526556253e+00 -2.382132279238522582e-02 6.020882794831585727e-01 9.309184487772288463e-01 -1.418243457486124015e+00 -6.418054681729785660e-01 -1.760947504905084060e-01 -7.900127656757648387e-01 1.878179985755320747e+00 -1.699871920603489350e+00 -1.810307325244017829e+00 -6.270053486344124849e-01
6.168691165220806516e-01 7.034552369616980938e-01 9.265673141312193994e-01 1.352800760206065656e+00 1.633051855058359036e+00 -1.434266772968988413e+00 -4.610914581522186362e-01 -1.143031478119622024e+00 -5.972835113531701490e-01 1.532123999385859303e+00 -1.612125146289357325e+00 -1.852680609704450365e+00 -7.862300355647138250e-01
-2.601690086445257455e-01 2.995068214435103737e-01 4.148195865569707652e-01 7.522307756277399893e-01 8.607051081491157163e-01 -1.306080249106072344e+00 -6.719244698431050544e-01 -9.818753568481032312e-01 -5.797626700511160358e-01 2.483777961901877607e+00 -2.094732405017083021e+00 -1.612565331095333176e+00 -8.499199103368343389e-01
1.351157801629586930e-01 -3.916938006653883364e-01 1.401761632593020890e+00 1.803228248639810127e+00 1.141558470661567792e+00 -1.524015343398288369e-01 -7.522418076301095047e-01 -8.207192355765842162e-01 -5.413743098949444499e-02 8.832690249431196516e-01 -1.524378371975225077e+00 -1.810307325244017829e+00 -1.025067065960165724e+00
2.833475759657664850e-01 8.650346031689728488e-01 -3.162485956919559027e-01 -2.987666973843301488e-01 -1.222816606444665360e-01 -7.933341536544086248e-01 -1.204026832682009163e+00 1.999512886674996714e+00 4.890086493741812590e-01 2.362658366672565791e+00 -1.743745307760554919e+00 -1.556067618481423054e+00 -2.289436313086591901e-01
-5.195746512994360300e-01 -9.392683194789313017e-01 -9.742099597159882274e-01 1.516607910494142120e-01 2.287850424960985729e-01 -1.306080249106072344e+00 -1.455018513266397751e+00 1.354888401588921321e+00 -3.344708918223595062e-01 1.099554016424032943e+00 -1.655998533446423338e+00 -1.499569905867512931e+00 -3.404009121598701171e-01
2.092316780643626029e-01 2.561617948345360940e+00 -1.700349592421705469e-01 7.522307756277399893e-01 -4.733483637850316450e-01 -8.894740465515956762e-01 -1.404820177149520122e+00 1.999512886674996714e+00 -7.165827229154851652e-02 1.229325011312581095e+00 -1.568251759132291312e+00 -1.598440902941855590e+00 -6.971894437835789160e-02
1.036859204630032449e+00 1.601118382557670472e+00 4.928549543250744513e-02 1.518294904832759827e-03 -7.542017262974837211e-01 -7.933341536544086248e-01 -1.204026832682009163e+00 9.519980984101236166e-01 -5.413743098949444499e-02 1.709477692400208193e+00 -1.699871920603489350e+00 -1.372450052486215766e+00 -8.499199103368343389e-01
-6.801590967524774323e-01 6.226655538580603277e-01 9.996741323561121328e-01 2.253655737073554377e+00 -1.924950012725795412e-01 -6.331009988257639831e-01 -1.455018513266397751e+00 2.160669007946515841e+00 -7.900127656757648387e-01 1.056297018127850373e+00 -1.261138049032829000e+00 -1.245330199104918156e+00 4.238775851055761601e-01
1.654491687141726342e+00 -5.891796926965021663e-01 1.218994587030790111e+00 1.653085752495228711e+00 -1.222816606444665360e-01 8.089973946320399012e-01 -7.221228059599827942e-01 1.354888401588921321e+00 1.943238477444667600e+00 3.435431924417895466e+00 -1.699871920603489350e+00 -9.204683515749357836e-01 -2.767110373877496032e-01
5.921638172216133755e-01 -5.981563241524618935e-01 9.996741323561121328e-01 9.023732717723214058e-01 -7.542017262974837211e-01 4.885310849747506179e-01 -9.329558176508693235e-01 1.274310340953161758e+00 1.224883984060451292e+00 2.894719445715612238e+00 -1.699871920603489350e+00 -1.174708058337530669e+00 -4.040907869319906309e-01
-7.913329436045821730e-01 1.340796070334838275e+00 4.928549543250744513e-02 4.519457833385771006e-01 -8.244150669255967401e-01 7.831620488815487294e-03 -1.113669827671629253e+00 1.113154219681642632e+00 -9.652211786963051932e-01 1.121182515572124450e+00 -1.743745307760554919e+00 -1.457196621407080395e+00 -7.225401607925932002e-01
8.515694598765237711e-01 8.291280773451339403e-01 6.341400412316487989e-01 1.516607910494142120e-01 5.096384050085506212e-01 -7.452642072058150990e-01 -1.475097847713148891e+00 1.113154219681642632e+00 -1.385721369945602355e+00 3.555336457296916497e-01 1.119017852208461193e-02 -1.118210345723620547e+00 -2.130211626156290616e-01
-1.860531107431218634e-01 8.381047088010937784e-01 7.803536776814341547e-01 7.522307756277399893e-01 4.394250643804376577e-01 -1.033683885897376253e+00 -1.434939178819646610e+00 1.918934826039237151e+00 -1.105387909112737654e+00 2.257626508411438027e-01 -3.836703058915092446e-01 -7.086019292727734342e-01 -5.633154738622919711e-01
-5.017396459054770941e-02 9.996840750083689775e-01 -6.037473190483074598e-02 -2.987666973843301488e-01 4.394250643804376577e-01 -1.450290088451852810e+00 -1.334542506585891353e+00 3.073736133240483337e-01 -1.140429591716845881e+00 9.599165595259598338e-02 -1.217264661875762988e+00 -1.217081342797963206e+00 -2.289436313086591901e-01
9.627433067286285118e-01 3.802965045471477512e-01 -2.431417774670632248e-01 7.522307756277399893e-01 -6.839883856693707020e-01 -1.514383350383310622e+00 -1.354621841032642271e+00 3.879516739598073971e-01 -9.827420199983591953e-01 1.956042582688449327e+00 -1.129517887561631406e+00 -1.315952339872305643e+00 -4.200132556250207871e-01
9.009800584774604326e-01 1.816557537500703923e+00 -3.893554139168485806e-01 9.023732717723214058e-01 -8.244150669255967401e-01 -1.626546558763362071e+00 -1.565454852723528800e+00 1.274310340953161758e+00 -7.724919243737108365e-01 6.756354331214432518e-01 -7.785307903051030820e-01 -1.217081342797963206e+00 -7.225401607925932002e-01
5.551058682709103520e-01 1.224099861407362155e+00 8.534604959063267771e-01 1.052515767916902822e+00 7.904917675210026973e-01 -9.535673084830537105e-01 -1.113669827671629253e+00 5.491077952313264676e-01 -2.293458440100351325e-01 2.431869563946458257e+00 -4.714170802056412701e-01 -1.485445477714035567e+00 -1.652537565365386762e-01
-2.231110596938227220e-01 9.278710233606911606e-01 -2.431417774670632248e-01 1.518294904832759827e-03 -8.244150669255967401e-01 -1.306080249106072344e+00 -1.374701175479393189e+00 3.073736133240483337e-01 -1.087867067810683652e+00 2.250190171102491199e+00 -1.041771113247499159e+00 -1.217081342797963206e+00 -1.970986939225989332e-01
7.156903137239517543e-01 2.187171383398729685e-01 1.182441177918343023e+00 1.502943256350647294e+00 3.692117237523246387e-01 -1.193917040726020895e+00 -1.193987165458633815e+00 2.267955526882887984e-01 -8.917911359360258805e-02 1.558078198363568978e+00 -9.540243389333672441e-01 -1.146459202030575719e+00 9.893399086792769789e-03
4.933426200197423284e-01 2.031996692443736485e+00 1.803849132829929758e+00 1.653085752495228711e+00 8.607051081491157163e-01 -5.049144749628479145e-01 -1.073511158778126973e+00 -7.401411749408246532e-01 -8.425752895819267341e-01 1.488867001089676734e+00 -1.261138049032829000e+00 -9.769660641888457953e-01 -3.722458495459303740e-01
-9.889753380083243783e-01 6.226655538580603277e-01 -1.700349592421705469e-01 -1.486242012397486767e-01 -2.627083419006925880e-01 -1.674616505211955708e+00 -1.545375518276777660e+00 3.073736133240483337e-01 -1.508367259059980814e+00 1.911570522041976805e-01 -1.305011436189895013e+00 -1.104085917570143183e+00 -7.543850981786535126e-01
-2.848743079449929660e-01 4.816114067663829212e-02 -3.162485956919559027e-01 1.518294904832759827e-03 -9.648417481818227781e-01 -1.450290088451852810e+00 -1.525296183830026742e+00 9.519980984101236166e-01 -1.666054830778467277e+00 2.094464544666250205e+00 -1.699871920603489350e+00 -1.386574480639693352e+00 -8.817648477228945403e-01
1.432143993437516860e+00 1.558807181481546567e-01 4.148195865569707652e-01 1.516607910494142120e-01 -6.137750450412576830e-01 -9.856139394487826166e-01 -1.334542506585891353e+00 6.296858558670860306e-01 -6.148043526552242621e-01 2.007950980643868011e+00 -1.480504984818159064e+00 -1.273579055411873107e+00 -2.767110373877496032e-01
8.762747591769931566e-01 2.974542995319508165e+00 3.051593592196326088e-01 3.018032871939956285e-01 -3.329216825288056070e-01 -9.856139394487826166e-01 -1.424899511596271262e+00 1.274310340953161758e+00 -9.301794960921970779e-01 1.142811014720215734e+00 -1.392758210504027039e+00 -1.231205770951440570e+00 -2.195153829926749234e-02
4.933426200197423284e-01 1.412609121982516314e+00 4.148195865569707652e-01 1.052515767916902822e+00 1.585717018679855539e-01 -7.933341536544086248e-01 -1.284344170469013502e+00 5.491077952313264676e-01 -3.169500505203054486e-01 9.697830215354850125e-01 -1.129517887561631406e+00 -1.485445477714035567e+00 9.893399086792769789e-03
3.327581745667009261e-01 1.744744485853026106e+00 -3.893554139168485806e-01 1.516607910494142120e-01 1.422411833174019868e+00 -1.129823778794562861e+00 -1.344582173809266923e+00 5.491077952313264676e-01 -4.220750983326294614e-01 2.224235972124781302e+00 -1.612125146289357325e+00 -1.485445477714035567e+00 2.805753668683049762e-01
2.092316780643626029e-01 2.276937697958325013e-01 1.273208632006191977e-02 1.516607910494142120e-01 1.422411833174019868e+00 -1.033683885897376253e+00 -1.354621841032642271e+00 1.354888401588921321e+00 -2.293458440100351325e-01 1.834922987459138177e+00 -1.568251759132291312e+00 -1.400698908793170494e+00 2.964978355613351324e-01
1.395086044486816057e+00 1.583165119645750574e+00 1.365208223480575356e+00 1.502943256350647294e+00 -2.627083419006925880e-01 -3.927512665827967431e-01 -1.274304503245637932e+00 1.596622583496199788e+00 -4.220750983326294614e-01 1.791665989162954942e+00 -1.524378371975225077e+00 -1.428947765100125444e+00 -5.951604112483521725e-01
